# Lista correspondiente a alpha = 0.9
alpha_09 = [0.016, 0.211, 0.352, 0.711, 1.61, 2.204, 2.833, 3.49, 4.168,
            4.865, 5.578, 6.304, 7.041, 7.79, 8.547, 9.312, 10.085, 10.865, 11.651,
            12.443, 13.24, 14.041, 14.848, 15.659, 16.473, 17.292, 18.114, 18.939,
            19.768, 20.599, 24.797, 29.051, 33.35, 37.689, 42.06, 46.459, 50.883,
            55.329, 59.795, 64.278, 68.777, 73.291, 77.818, 82.358]

# Lista correspondiente a la columna G
columna_G = [1, 2, 3, 4, 5, 6, 7, 8, 9, 10, 11, 12, 13, 14, 15, 16, 17, 18, 19, 20,
             21, 22, 23, 24, 25, 26, 27, 28, 29, 30, 35, 40, 45, 50, 55, 60, 65, 70,
             75, 80, 85, 90, 95, 100]
